# Frame list with one line of data per frame:
#   FRAME_ID, RIG_ID, RIG_FROM_WORLD[QW, QX, QY, QZ, TX, TY, TZ], NUM_DATA_IDS, DATA_IDS[] as (SENSOR_TYPE, SENSOR_ID, DATA_ID)
# Number of frames: 20
1 1 0.99580716335694108 0.032498458771870638 -0.084183869958081081 0.015000654096951721 3.7101781270567313 1.7267454016099413 0.89274405389888156 1 CAMERA 1 1
2 1 0.99777448039278249 0.03148536337098394 -0.058317928492239199 0.0073333066678077687 1.8345059040802965 1.6619135876968203 0.47903180960175562 1 CAMERA 1 2
3 1 0.99899710841193157 0.022761400562132557 -0.038428209829049022 0.003157327728364836 -0.0099285992715191021 1.5015849518762099 0.19816608423380883 1 CAMERA 1 3
4 1 0.99975207180136982 0.020545062099671531 0.0085430008824936045 0.0008440901084933568 -2.6166373899595898 1.3246809996826183 0.33422713635507278 1 CAMERA 1 4
5 1 0.99980043142801522 0.013742230539357832 0.014444603933728234 0.0012656355540902244 -3.8878219129994935 1.0339427079967904 0.12207290410711154 1 CAMERA 1 5
6 1 0.99983108249153507 0.015441686314896124 0.0098529555049148114 -0.00150999184628185 -4.2876602862634039 0.32275179836353246 0.17495452493404257 1 CAMERA 1 6
7 1 0.99971575736649865 0.016104187611721901 -0.017515836526264972 0.001501694136596049 -1.8666723186298351 0.37085726255112628 0.14139143125694029 1 CAMERA 1 7
8 1 0.99795722277565846 0.01816916396175388 -0.061186815602868802 0.0027270106722095677 0.95398578120753841 0.46647565775588862 0.40131409630970316 1 CAMERA 1 8
9 1 0.99519092857890423 0.017514224582345861 -0.096224894384758466 0.0053886280424341113 3.1143010813062366 0.47607860970275007 0.76349721750708655 1 CAMERA 1 9
10 1 0.99234655669537419 0.01705451914797006 -0.12183776705117041 0.010630771912273919 4.8189975077433882 0.5200826207073046 1.091034234554793 1 CAMERA 1 10
11 1 0.99336159295582116 0.0062619728110401276 -0.11464221177323562 0.0071201556533653579 4.7561368748293953 -0.54834217142776676 1.18902146835006 1 CAMERA 1 11
12 1 0.99738861877019636 0.0033473194149861883 -0.072007070984969876 0.0044407576582996735 1.9933046768475975 -0.34142222537210909 0.48598370479608916 1 CAMERA 1 12
13 1 0.99971714586711591 0.015919461155618386 -0.011921484118994899 0.013041366194661593 -0.4104809195911035 -0.43623955572494549 0.15036180092586743 1 CAMERA 1 13
14 1 0.99978600888347147 0.0096870419148433039 0.012933216926421898 0.012916251767964152 -2.6306442756756416 -0.51499396126162444 0.061221255034777759 1 CAMERA 1 14
15 1 0.99945067325868397 -0.008802119255564447 0.030821536254100623 0.008420648568332469 -4.5532758084600342 -0.53523643529338627 0.037659687099129785 1 CAMERA 1 15
16 1 0.9991189319955881 -0.018418560024429622 0.035885426536285514 0.011591054176851264 -4.9203183109886339 -1.1740404711809498 0.091671636506988979 1 CAMERA 1 16
17 1 0.99992316303602724 -0.0094143591023668708 0.0025398942855957003 0.0076542017046927783 -2.7650489428402159 -1.3863494637220273 -0.14110541871830856 1 CAMERA 1 17
18 1 0.99863854590571011 -0.005067426853833267 -0.051553616081044265 -0.0061319234648171397 -0.065274140261954786 -1.3611275599847077 -0.20177071516712339 1 CAMERA 1 18
19 1 0.99616337157799961 -0.0092320969665529492 -0.087005090480279254 -0.0018492545716880227 2.2679616989452489 -1.5668501430324375 -0.020784552635857108 1 CAMERA 1 19
20 1 0.99423482922001927 -0.012526724718538029 -0.10446350997792202 -0.020677538943453255 4.0102889668305552 -1.7994602624172769 0.056588013267338928 1 CAMERA 1 20
