# Frame list with one line of data per frame:
#   FRAME_ID, RIG_ID, RIG_FROM_WORLD[QW, QX, QY, QZ, TX, TY, TZ], NUM_DATA_IDS, DATA_IDS[] as (SENSOR_TYPE, SENSOR_ID, DATA_ID)
# Number of frames: 20
1 1 0.99694091454907985 0.016972063099325543 -0.076156473320355328 0.0045775040800838827 3.7145831587102229 1.7373093327068532 0.89701958506035873 1 CAMERA 1 1
2 1 0.99861309222722272 0.015743851152666737 -0.050167600697247211 -0.0026897999086576787 1.8367536202372028 1.6721694515283276 0.48169580534549034 1 CAMERA 1 2
3 1 0.99949587631422254 0.0068374381770110529 -0.030288721513080877 -0.0066208775206153458 -0.010224884544855961 1.5110353240437795 0.19966982729285948 1 CAMERA 1 3
4 1 0.99981834080889798 0.0041995067506777053 0.016690221764713031 -0.0081906057552662438 -2.61949972904607 1.334499510669751 0.33612701433609588 1 CAMERA 1 4
5 1 0.99971564329631801 -0.0026628193439648005 0.022402835184711391 -0.0077236595896776322 -3.8865148926551365 1.0430421892557307 0.12702329731309964 1 CAMERA 1 5
6 1 0.99978130997146741 -0.00095028145756478335 0.018020742705509914 -0.010567971859816765 -4.2949632403316809 0.32795949473776642 0.17641413442217435 1 CAMERA 1 6
7 1 0.99992348977531054 -1.3211646454273022e-05 -0.0094327792392568024 -0.0080023182166469534 -1.8678603833831895 0.37857388244678908 0.14350646821805332 1 CAMERA 1 7
8 1 0.99855891764693705 0.0025003291329904588 -0.053087957230983078 -0.0074501771150560902 0.95509931799239112 0.4759423398311825 0.40385022920513275 1 CAMERA 1 8
9 1 0.99608592535838769 0.0021797202119215012 -0.08820198921627205 -0.0053373421302005284 3.1188703246373652 0.48425900630134433 0.7658804123471854 1 CAMERA 1 9
10 1 0.99348739779170081 0.001971219183618199 -0.11392391996586849 -0.00049516019175181649 4.8255843326034586 0.52883111323351251 1.0953962579363199 1 CAMERA 1 10
11 1 0.99423761198998106 -0.0088770205699919003 -0.10675647155878673 -0.0039780888096986305 4.762356737201598 -0.54096263947877976 1.1930968334567309 1 CAMERA 1 11
12 1 0.99785176207144477 -0.012251446562031507 -0.064074758839528179 -0.0060156685170377313 1.9956282253824102 -0.33487890353844879 0.48959187789692316 1 CAMERA 1 12
13 1 0.99998542712453686 -0.00031412347331573228 -0.0039886905175048207 0.0036245293428215602 -0.41221650546808664 -0.42780628902758899 0.15224952669708039 1 CAMERA 1 13
14 1 0.99975245506749144 -0.0067945991341580225 0.02082517567564799 0.0038953905077706952 -2.6354541222920891 -0.50767680907523582 0.061259369130622354 1 CAMERA 1 14
15 1 0.99893611555918571 -0.025437209852941275 0.038462433562382166 -0.000476015632010492 -4.5535225321042549 -0.52940767930228538 0.040678615439942577 1 CAMERA 1 15
16 1 0.99843819203663908 -0.035056697881641938 0.043416654177803465 0.002683049803467636 -4.9228297544559139 -1.1655457549626 0.093842908181842655 1 CAMERA 1 16
17 1 0.99961407016153836 -0.025750997668060677 0.010279405806707784 -0.0017119201043439051 -2.7674976070883699 -1.3796958749104853 -0.13921471005141983 1 CAMERA 1 17
18 1 0.99870271244737319 -0.020759857751590175 -0.043527557283216542 -0.016348462109614402 -0.064927865606875315 -1.3546351406430601 -0.20042913189958406 1 CAMERA 1 18
19 1 0.99648406715639071 -0.02459704830476003 -0.079087729655543448 -0.012634086278114364 2.2703929069422588 -1.5611486759514748 -0.018933250467181948 1 CAMERA 1 19
20 1 0.99446630061717656 -0.027519871045352848 -0.096286290620262407 -0.031755060589220084 4.0154919499023602 -1.7921202424836817 0.058795796603439622 1 CAMERA 1 20
